kinematics:
  shoulder:
    x: 0
    y: 0
    z: 0.08926556496886137
    roll: -0
    pitch: 0
    yaw: 2.107331016887655e-05
  upper_arm:
    x: 0.0001071801095134319
    y: 0
    z: 0
    roll: 1.570525825283684
    pitch: 0
    yaw: 1.688331851011135e-05
  forearm:
    x: -0.4249300718386768
    y: 0
    z: 0
    roll: 3.138596202671622
    pitch: 3.141382745818243
    yaw: 3.141588165179034
  wrist_1:
    x: -0.3919752720055728
    y: -0.0003716019273554777
    z: 0.1105374991879689
    roll: 0.003361759857122112
    pitch: 0.0005753087211198303
    yaw: 5.213434230199222e-05
  wrist_2:
    x: 1.990978130176375e-05
    y: -0.0949827491964756
    z: 5.592834478439229e-05
    roll: 1.570207500520718
    pitch: 0
    yaw: -9.980912538383768e-05
  wrist_3:
    x: 8.314316762642989e-05
    y: 0.08243210346111488
    z: 4.53209700602779e-05
    roll: 1.571346124308133
    pitch: 3.141592653589793
    yaw: 3.141502244656643
  hash: calib_12462504576166650139